% color definition for plot
% 2016.11.13, LBY

colorDGray = [90 90 90]/255; 
colorLGray = [150 150 150]/255;
colorDRed = [232 62 69]/255; %深红
colorLRed = [228 13 81]/255; %浅红
colorDBlue = [23 111 192]/255; %深蓝
colorLBlue = [0 175 194]/255; %浅蓝
colorDGreen = [76 190 87]/255; %深绿
colorDOrange = [237 125 49]/255; %深橙
colorDGolden = [255 192 0]/255; %深金

% color for multiple line draws
% from dark red to dark blue
color1 = [108 25 25]/255;
color2 = [251 0 10]/255;
color3 = [255 141 0]/255;
color4 = [255 224 0]/255; 
color5 = [255 25 170]/255; 
color6 = [201 231 0]/255; 
color7 = [21 174 0]/255; 
color8 = [0 175 194]/255; 
color9 = [0 60 174]/255; 
color10 = [90 0 161]/255; 
color11 = [56 132 200]/255;
color12 = [109 166 217]/255;
color13 = [138 134 225]/255; 
color14 = [169 203 134]/255; 
color15 = [202 243 242]/255; 
color16 = [237 244 251]/255; 
color17 = [158 91 203]/255; 
color18 = [224 200 239]/255; 
color19 = [244 239 250]/255; 
color20 = [75 198 98]/255; 
color21 = [187 236 230]/255; 
color22 = [237 250 236]/255; 
color23 = [255 215 71]/255; 
color24 = [255 237 170]/255; 
color25 = [255 252 241]/255; 
color26 = [255 142 71]/255; 
color27 = [255 203 170]/255; 
color28 = [255 238 227]/255; 
color29 = [241 121 259]/255; 
color30 = [252 224 233]/255; 

% check the color
% for i = 1:30
%     a = eval(['color',num2str(i)])
% end

